Parsed 396875 operator-reward pairs from /cma-log/output_for_ana.txt
OperatorPolicyNet(
  (op_embedding): Embedding(16, 10)
  (net): Sequential(
    (0): Linear(in_features=170, out_features=128, bias=True)
    (1): ReLU()
    (2): Linear(in_features=128, out_features=128, bias=True)
    (3): ReLU()
    (4): Linear(in_features=128, out_features=1, bias=True)
  )
)

============================================================
Training started...
============================================================
[Epoch 0] loss = 5.602648
  Prediction stats: MSE=67.3999, Correlation=0.0600
[Epoch 1] loss = 5.538113
[Epoch 2] loss = 5.512880
  Prediction stats: MSE=74.6287, Correlation=0.0753
[Epoch 3] loss = 5.485383
[Epoch 4] loss = 5.454758
  Prediction stats: MSE=82.7434, Correlation=0.0628
[Epoch 5] loss = 5.411567
[Epoch 6] loss = 5.357497
  Prediction stats: MSE=104.3830, Correlation=0.0439
[Epoch 7] loss = 5.291692
[Epoch 8] loss = 5.221188
  Prediction stats: MSE=149.7854, Correlation=0.0440
[Epoch 9] loss = 5.153349
[Epoch 10] loss = 5.090206
  Prediction stats: MSE=214.8546, Correlation=0.0388
[Epoch 11] loss = 5.030638
[Epoch 12] loss = 4.980698
  Prediction stats: MSE=280.2143, Correxlation=0.0347
[Epoch 13] loss = 4.931937
[Epoch 14] loss = 4.879112
  Prediction stats: MSE=323.0593, Correlation=0.0368
[Epoch 15] loss = 4.835800
[Epoch 16] loss = 4.799284
  Prediction stats: MSE=376.3573, Correation=0.0450
[Epoch 17] loss = 4.757132
[Epoch 18] loss = 4.725641
  Prediction stats: MSE=401.0199, Correlation=0.0302
[Epoch 19] loss = 4.690950
  Prediction stats: MSE=418.4400, Correlation=0.0368

============================================================
Training completed. Generating results...
============================================================

------------------------------------------------------------
Operator Embeddings Analysis
------------------------------------------------------------

Embedding shape: (16, 10) (16 operators × 10 dims)

Embedding statistics per operator:
Op   Mean       Std        Min        Max        Norm      
------------------------------------------------------------
0    -0.2238    0.4413     -0.8279    0.7882     1.5648    
1    0.2694     0.5606     -0.6998    0.8949     1.9670    
2    -0.1387    0.5270     -0.9991    0.6638     1.7233    
3    0.2934     0.6858     -0.9688    1.4157     2.3588    
4    -0.1813    0.9744     -1.3051    2.3315     3.1343    
5    0.0664     0.7471     -1.2706    1.5053     2.3719    
6    0.2955     0.6907     -1.0080    1.1317     2.3756    
7    0.1150     0.9234     -1.7906    1.1538     2.9427    
8    0.0567     0.3146     -0.2977    0.4666     1.0110    
9    0.2154     0.5666     -0.7253    0.9122     1.9167    
10   0.2795     0.6260     -0.8422    1.0335     2.1679    
11   0.0258     0.6578     -0.7359    0.9030     2.0819    
12   -0.0816    0.6099     -1.3846    0.7682     1.9459    
13   -0.0070    0.6687     -1.1082    1.2192     2.1148    
14   0.4068     0.7847     -1.0633    1.6125     2.7951    
15   -1.1887    9.5627     -14.7285   13.3639    30.4726   

------------------------------------------------------------
Operator Embedding Vectors:
------------------------------------------------------------
Operator  0: [ -0.3176   0.7882  -0.3157   0.1022  -0.6938  -0.2967  -0.5855  -0.8279  -0.1302   0.0396]
Operator  1: [ -0.6998   0.6012   0.4915   0.8949   0.6792  -0.6912  -0.2580   0.4176   0.6704   0.5881]
Operator  2: [  0.0735   0.1308  -0.9991   0.6638  -0.4054  -0.4795  -0.6250  -0.5992   0.4476   0.4052]
Operator  3: [ -0.3846   0.8267   0.9319   0.1751   0.6819   1.4157  -0.9688  -0.3176   0.0041   0.5698]
Operator  4: [  0.2708   0.2578  -0.9210   2.3315   0.0186  -0.4177  -0.7214  -1.3051  -0.9096  -0.4172]
Operator  5: [  0.4066   0.0483   0.8457   0.2556  -0.5266  -0.4659  -1.2706   0.3164   1.5053  -0.4506]
Operator  6: [  1.1317   1.0935   0.0817  -0.3267  -0.2634  -1.0080   0.5604   0.8883  -0.1239   0.9218]
Operator  7: [  0.6071   0.8935   0.6479   1.1538  -0.0136  -0.0943  -1.7906   0.7833  -1.3476   0.3104]
Operator  8: [ -0.2769   0.4423  -0.0320  -0.2592   0.4316  -0.0171  -0.2476  -0.2977   0.3568   0.4666]
Operator  9: [  0.6836   0.9122  -0.2419   0.4864  -0.5655   0.7760  -0.0170   0.7926  -0.7253   0.0530]
Operator 10: [  0.3905   0.8337  -0.8422   0.2871   0.7375   0.4982  -0.3362  -0.6346   0.8274   1.0335]
Operator 11: [  0.3572  -0.6180   0.1598   0.8794  -0.1622   0.8416  -0.6990  -0.7359  -0.6676   0.9030]
Operator 12: [  0.3712   0.3246   0.5493  -0.6232  -0.4392  -0.3873  -0.0384  -1.3846   0.0439   0.7682]
Operator 13: [  0.4555  -0.0642   0.7133  -0.5564   1.2192  -0.6711  -0.0519  -1.1082   0.3674  -0.3739]
Operator 14: [  0.7089   1.3235   0.9879   1.6125  -0.6973   0.2450   0.3008  -1.0633   0.2839   0.3668]
Operator 15: [  0.7550 -10.3048   2.6659  -4.3479  13.3639 -14.7285   9.2694  11.0400 -10.2455  -9.3549]

Operator Embedding Similarity Matrix (cosine similarity):
          0     1     2     3     4     5     6     7     8     9    10    11    12    13    14    15
Op  0: 1.000 0.035 0.633 0.124 0.482 0.119-0.023 0.228 0.309 0.080 0.243 0.136 0.497-0.072 0.403-0.590
Op  1: 0.035 1.000 0.188 0.285 0.111 0.334 0.175 0.274 0.488-0.173 0.284-0.120-0.123 0.088 0.267-0.003
Op  2: 0.633 0.188 1.000-0.163 0.624 0.219-0.011 0.099 0.237-0.053 0.538 0.272 0.195-0.143 0.249-0.495
Op  3: 0.124 0.285-0.163 1.000-0.006 0.103-0.253 0.407 0.532 0.189 0.417 0.439 0.130 0.082 0.326-0.510
Op  4: 0.482 0.111 0.624-0.006 1.000-0.074-0.224 0.422-0.149 0.176 0.215 0.488-0.024-0.036 0.460-0.173
Op  5: 0.119 0.334 0.219 0.103-0.074 1.000 0.013 0.220 0.060-0.146-0.011-0.119 0.046 0.150 0.211-0.259
Op  6:-0.023 0.175-0.011-0.253-0.224 0.013 1.000 0.227 0.058 0.394 0.115-0.300 0.212-0.072 0.191 0.141
Op  7: 0.228 0.274 0.099 0.407 0.422 0.220 0.227 1.000-0.075 0.570 0.003 0.418-0.112-0.209 0.299-0.088
Op  8: 0.309 0.488 0.237 0.532-0.149 0.060 0.058-0.075 1.000-0.324 0.717-0.054 0.405 0.376 0.053-0.367
Op  9: 0.080-0.173-0.053 0.189 0.176-0.146 0.394 0.570-0.324 1.000 0.072 0.194-0.275-0.633 0.334-0.259
Op 10: 0.243 0.284 0.538 0.417 0.215-0.011 0.115 0.003 0.717 0.072 1.000 0.249 0.232 0.124 0.298-0.568
Op 11: 0.136-0.120 0.272 0.439 0.488-0.119-0.300 0.418-0.054 0.194 0.249 1.000 0.229-0.151 0.351-0.434
Op 12: 0.497-0.123 0.195 0.130-0.024 0.046 0.212-0.112 0.405-0.275 0.232 0.229 1.000 0.456 0.404-0.377
Op 13:-0.072 0.088-0.143 0.082-0.036 0.150-0.072-0.209 0.376-0.633 0.124-0.151 0.456 1.000 0.027 0.287
Op 14: 0.403 0.267 0.249 0.326 0.460 0.211 0.191 0.299 0.053 0.334 0.298 0.351 0.404 0.027 1.000-0.537
Op 15:-0.590-0.003-0.495-0.510-0.173-0.259 0.141-0.088-0.367-0.259-0.568-0.434-0.377 0.287-0.537 1.000

Most similar operator pairs (top 5):
  1. Op  8 <-> Op 10: 0.7175
  2. Op  0 <-> Op  2: 0.6328
  3. Op  2 <-> Op  4: 0.6241
  4. Op  7 <-> Op  9: 0.5699
  5. Op  2 <-> Op 10: 0.5384

Embedding change (L2 norm from initial):
Op   Change    
--------------------
0    0.0000    
1    0.0000    
2    0.0000    
3    0.0000    
4    0.0000    
5    0.0000    
6    0.0000    
7    0.0000    
8    0.0000    
9    0.0000    
10   0.0000    
11   0.0000    
12   0.0000    
13   0.0000    
14   0.0000    
15   0.0000    

------------------------------------------------------------
Prediction Analysis
------------------------------------------------------------

Overall prediction metrics:
  MSE:          418.440033
  MAE:          18.439020
  Correlation:  0.0368

Per-operator prediction statistics:
Op   Count    Avg Pred     Avg True     MSE         
------------------------------------------------------------
0    20766    19.0104      2.2510       393.429718  
1    14389    18.4662      2.1635       376.112183  
2    14060    18.3541      2.2648       370.632233  
3    21660    19.0759      2.7329       387.850220  
4    17060    18.9821      2.9581       380.288757  
5    12777    18.3670      2.2904       369.440704  
6    16202    18.3613      1.8527       377.800140  
7    12739    18.2791      2.4688       367.591217  
8    12484    18.4054      2.3571       372.713501  
9    18121    18.8720      2.4892       383.819427  
10   23837    18.8927      2.1096       391.779388  
11   20220    18.6835      1.8889       386.005981  
12   24384    19.2500      2.4899       396.759094  
13   17221    17.8640      1.0849       370.680817  
14   150955   21.2750      3.6127       477.311737  

Sample predictions (first 10):
Idx    Op   Pred Score   True Reward  Diff        
------------------------------------------------------------
0      14   27.4427      0.0312       27.4115     
1      5    24.3380      1.5000       22.8380     
2      6    22.7332      0.0312       22.7019     
3      1    16.4538      16.8750      -0.4212     
4      0    20.8519      16.5000      4.3519      
5      14   24.9809      0.8750       24.1059     
6      14   17.5529      0.0317       17.5211     
7      14   11.2180      67.5000      -56.2820    
8      0    18.9975      0.0312       18.9662     
9      14   17.4263      0.0312       17.3950     

------------------------------------------------------------
Saving results...
------------------------------------------------------------
✓ Saved operator embeddings to: ./out/operator_embeddings.npy
✓ Saved similarity matrix to: ./out/operator_similarity_matrix.npy
✓ Saved prediction results to: ./out/prediction_results.npz

============================================================
All results saved successfully!
============================================================
